406152 0 1
406156 0 1
406158 0 1
406162 0 1
406173 0 1
406175 0 1
406177 0 1
406181 0 1
406183 0 1
406185 0 1
406193 0 1
406197 0 1
406207 0 1
406209 0 1
406215 0 1
406217 0 1
406219 0 1
406221 0 1
406224 0 1
406225 0 1
406227 0 1
406228 0 1
406231 0 1
406234 0 1
406235 0 1
406237 0 1
406238 0 1
406242 0 1
406243 0 1
406244 0 1
406245 0 1
406246 0 1
406247 0 1
406248 0 1
406250 0 1
406252 0 1
406253 0 1
406254 0 1
406258 0 1
406260 0 1
406262 0 1
406264 0 1
406265 0 1
406267 0 1
406269 0 1
406270 0 1
406273 0 1
406277 0 1
406278 0 1
406279 0 1
406282 0 1
406285 0 1
406288 0 1
406289 0 1
406292 0 1
406293 0 1
406294 0 1
406297 0 1
406299 0 1
406301 0 1
406305 0 1
406307 0 1
406308 0 1
406309 0 1
406310 0 1
406312 0 1
406313 0 1
406314 0 1
406316 0 1
406317 0 1
406318 0 1
406320 0 1
406321 0 1
406323 0 1
406327 0 1
406328 0 1
406334 0 1
406346 0 1
406349 0 1
406351 0 1
406355 0 1
406359 0 1
406360 0 1
406362 0 1
406364 0 1
406365 0 1
406366 0 1
406368 0 1
406369 0 1
406370 0 1
406371 0 1
406372 0 1
406373 0 1
406377 0 1
406378 0 1
406380 0 1
406381 0 1
406383 0 1
406384 0 1
406387 0 1
406389 0 1
406391 0 1
406396 0 1
406397 0 1
406398 0 1
406399 0 1
406400 0 1
406402 0 1
406403 0 1
406404 0 1
406405 0 1
406407 0 1
406408 0 1
406410 0 1
406411 0 1
406416 0 1
406422 0 1
406429 0 1
406433 0 1
406434 0 1
406436 0 1
406438 0 1
406439 0 1
406440 0 1
406441 0 1
406442 0 1
406444 0 1
406449 0 1
406450 0 1
406453 0 1
406457 0 1
406460 0 1
406464 0 1
406465 0 1
406466 0 1
406467 0 1
406470 0 1
406472 0 1
406474 0 1
406476 0 1
406478 0 1
406483 0 1
406485 0 1
406499 0 1
406501 0 1
406509 0 1
406510 0 1
406511 0 1
406512 0 1
406517 0 1
406519 0 1
406524 0 1
406526 0 1
406527 0 1
406528 0 1
406530 0 1
406532 0 1
406534 0 1
406536 0 1
406542 0 1
406546 0 1
406547 0 1
406548 0 1
406550 0 1
406552 0 1
406554 0 1
406556 0 1
406560 0 1
406568 0 1
406571 0 1
406576 0 1
406578 0 1
406579 0 1
406580 0 1
406581 0 1
406594 0 1
406625 0 1
406627 0 1
406636 0 1
406638 0 1
406640 0 1
406642 0 1
406643 0 1
406647 0 1
406650 0 1
406652 0 1
406653 0 1
406654 0 1
406655 0 1
406656 0 1
406657 0 1
406661 0 1
406662 0 1
406663 0 1
406666 0 1
406667 0 1
406669 0 1
406673 0 1
406674 0 1
406675 0 1
406677 0 1
406679 0 1
406680 0 1
406681 0 1
406682 0 1
406683 0 1
406687 0 1
406690 0 1
406694 0 1
406697 0 1
406698 0 1
406699 0 1
406700 0 1
406702 0 1
406704 0 1
406706 0 1
406728 0 1
406732 0 1
406733 0 1
406739 0 1
406740 0 1
406742 0 1
406744 0 1
406746 0 1
406747 0 1
406748 0 1
406750 0 1
406757 0 1
406762 0 1
406766 0 1
406770 0 1
406774 0 1
406775 0 1
406776 0 1
406777 0 1
406785 0 1
406788 0 1
406789 0 1
406790 0 1
406793 0 1
406798 0 1
406800 0 1
406801 0 1
406802 0 1
406803 0 1
406804 0 1
406809 0 1
406812 0 1
406813 0 1
406814 0 1
406816 0 1
406818 0 1
406820 0 1
406825 0 1
406826 0 1
406830 0 1
406844 0 1
406846 0 1
406847 0 1
406848 0 1
406854 0 1
406856 0 1
406857 0 1
406858 0 1
406859 0 1
406860 0 1
406861 0 1
406863 0 1
406864 0 1
406865 0 1
406866 0 1
406867 0 1
406868 0 1
406869 0 1
406870 0 1
406871 0 1
406872 0 1
406873 0 1
406882 0 1
406883 0 1
406891 0 1
406894 0 1
406895 0 1
406897 0 1
406906 0 1
406910 0 1
406912 0 1
406914 0 1
406923 0 1
406925 0 1
406927 0 1
406941 0 1
406942 0 1
406943 0 1
406945 0 1
406946 0 1
406948 0 1
406950 0 1
406951 0 1
406953 0 1
406954 0 1
406956 0 1
406959 0 1
406960 0 1
406962 0 1
406966 0 1
406968 0 1
406985 0 1
406993 0 1
406999 0 1
407000 0 1
407002 0 1
407003 0 1
407004 0 1
407008 0 1
407011 0 1
407017 0 1
407020 0 1
407021 0 1
407022 0 1
407023 0 1
407024 0 1
407025 0 1
407027 0 1
407028 0 1
407032 0 1
407036 0 1
407037 0 1
407040 0 1
407044 0 1
407056 0 1
407061 0 1
407062 0 1
407063 0 1
407070 0 1
407072 0 1
407078 0 1
407079 0 1
407080 0 1
407081 0 1
407084 0 1
407090 0 1
407099 0 1
407104 0 1
407113 0 1
407114 0 1
407118 0 1
407129 0 1
407132 0 1
407140 0 1
407162 0 1
407164 0 1
407165 0 1
407166 0 1
407171 0 1
407173 0 1
407174 0 1
407176 0 1
407177 0 1
407179 0 1
407180 0 1
407181 0 1
407186 0 1
407188 0 1
407191 0 1
407198 0 1
407227 0 1
407228 0 1
407229 0 1
407230 0 1
407231 0 1
407233 0 1
407243 0 1
407245 0 1
407256 0 1
407257 0 1
407258 0 1
407264 0 1
407274 0 1
407277 0 1
407278 0 1
407284 0 1
407286 0 1
407289 0 1
407304 0 1
407306 0 1
407307 0 1
407308 0 1
407309 0 1
407312 0 1
407321 0 1
407345 0 1
407348 0 1
407351 0 1
407353 0 1
407366 0 1
407367 0 1
407373 0 1
407377 0 1
407383 0 1
407385 0 1
407391 0 1
407399 0 1
407400 0 1
407406 0 1
407407 0 1
407409 0 1
407410 0 1
407411 0 1
407412 0 1
407413 0 1
407414 0 1
407417 0 1
407418 0 1
407419 0 1
407420 0 1
407421 0 1
407428 0 1
407431 0 1
407432 0 1
407433 0 1
407437 0 1
407440 0 1
407441 0 1
407443 0 1
407444 0 1
407445 0 1
407449 0 1
407450 0 1
407451 0 1
407458 0 1
407461 0 1
407465 0 1
407469 0 1
407470 0 1
407477 0 1
407479 0 1
407480 0 1
407497 0 1
407501 0 1
407510 0 1
407511 0 1
407514 0 1
407515 0 1
407516 0 1
407517 0 1
407518 0 1
407522 0 1
407523 0 1
407525 0 1
407527 0 1
407528 0 1
407529 0 1
407530 0 1
407531 0 1
407533 0 1
407534 0 1
407535 0 1
407536 0 1
407541 0 1
407542 0 1
407551 0 1
407565 0 1
407566 0 1
407571 0 1
407577 0 1
407578 0 1
407579 0 1
407580 0 1
407602 0 1
407609 0 1
407616 0 1
407644 0 1
407650 0 1
407651 0 1
407652 0 1
407658 0 1
407665 0 1
407667 0 1
407673 0 1
407674 0 1
407675 0 1
407676 0 1
407677 0 1
407678 0 1
407679 0 1
407680 0 1
407681 0 1
407682 0 1
407690 0 1
407703 0 1
407704 0 1
407717 0 1
407718 0 1
407723 0 1
407734 0 1
407743 0 1
407744 0 1
407745 0 1
407753 0 1
407754 0 1
407755 0 1
407756 0 1
407790 0 1
407792 0 1
407793 0 1
407807 0 1
407817 0 1
407818 0 1
407822 0 1
407839 0 1
407840 0 1
407841 0 1
407842 0 1
407844 0 1
407852 0 1
407857 0 1
407876 0 1
407877 0 1
407878 0 1
407883 0 1
407884 0 1
407889 0 1
407891 0 1
407894 0 1
407895 0 1
407907 0 1
407908 0 1
407909 0 1
407916 0 1
407934 0 1
407935 0 1
407937 0 1
407938 0 1
407939 0 1
407942 0 1
407943 0 1
407944 0 1
407945 0 1
407946 0 1
