406152 1 1 1
406156 1 1 1
406158 1 1 1
406162 1 1 1
406173 1 1 1
406175 1 1 1
406177 1 1 1
406181 1 1 1
406183 1 1 1
406185 1 1 1
406193 1 1 1
406197 1 1 1
406207 1 1 1
406209 1 1 1
406215 1 1 1
406217 1 1 1
406219 1 1 1
406221 1 1 1
406224 1 1 1
406225 1 1 1
406227 1 1 1
406228 1 1 1
406231 1 1 1
406234 1 1 1
406235 1 1 1
406237 1 1 1
406238 1 1 1
406242 1 1 1
406243 1 1 1
406244 1 1 1
406245 1 1 1
406246 1 1 1
406247 1 1 1
406248 1 1 1
406250 1 1 1
406252 1 1 1
406253 1 1 1
406254 1 1 1
406258 1 1 1
406260 1 1 1
406262 1 1 1
406264 1 1 1
406265 1 1 1
406267 1 1 1
406269 1 1 1
406270 1 1 1
406273 1 1 1
406277 1 1 1
406278 1 1 1
406279 1 1 1
406282 1 1 1
406285 1 1 1
406288 1 1 1
406289 1 1 1
406292 1 1 1
406293 1 1 1
406294 1 1 1
406297 1 1 1
406299 1 1 1
406301 1 1 1
406305 1 1 1
406307 1 1 1
406308 1 1 1
406309 1 1 1
406310 1 1 1
406312 1 1 1
406313 1 1 1
406314 1 1 1
406316 1 1 1
406317 1 1 1
406318 1 1 1
406320 1 1 1
406321 1 1 1
406323 1 1 1
406327 1 1 1
406328 1 1 1
406334 1 1 1
406346 1 1 1
406349 1 1 1
406351 1 1 1
406355 1 1 1
406359 1 1 1
406360 1 1 1
406362 1 1 1
406364 1 1 1
406365 1 1 1
406366 1 1 1
406368 1 1 1
406369 1 1 1
406370 1 1 1
406371 1 1 1
406372 1 1 1
406373 1 1 1
406377 1 1 1
406378 1 1 1
406380 1 1 1
406381 1 1 1
406383 1 1 1
406384 1 1 1
406387 1 1 1
406389 1 1 1
406391 1 1 1
406396 1 1 1
406397 1 1 1
406398 1 1 1
406399 1 1 1
406400 1 1 1
406402 1 1 1
406403 1 1 1
406404 1 1 1
406405 1 1 1
406407 1 1 1
406408 1 1 1
406410 1 1 1
406411 1 1 1
406416 1 1 1
406422 1 1 1
406429 1 1 1
406433 1 1 1
406434 1 1 1
406436 1 1 1
406438 1 1 1
406439 1 1 1
406440 1 1 1
406441 1 1 1
406442 1 1 1
406444 1 1 1
406449 1 1 1
406450 1 1 1
406453 1 1 1
406457 1 1 1
406460 1 1 1
406464 1 1 1
406465 1 1 1
406466 1 1 1
406467 1 1 1
406470 1 1 1
406472 1 1 1
406474 1 1 1
406476 1 1 1
406478 1 1 1
406483 1 1 1
406485 1 1 1
406499 1 1 1
406501 1 1 1
406509 1 1 1
406510 1 1 1
406511 1 1 1
406512 1 1 1
406517 1 1 1
406519 1 1 1
406524 1 1 1
406526 1 1 1
406527 1 1 1
406528 1 1 1
406530 1 1 1
406532 1 1 1
406534 1 1 1
406536 1 1 1
406542 1 1 1
406546 1 1 1
406547 1 1 1
406548 1 1 1
406550 1 1 1
406552 1 1 1
406554 1 1 1
406556 1 1 1
406560 1 1 1
406568 1 1 1
406571 1 1 1
406576 1 1 1
406578 1 1 1
406579 1 1 1
406580 1 1 1
406581 1 1 1
406594 1 1 1
406625 1 1 1
406627 1 1 1
406636 1 1 1
406638 1 1 1
406640 1 1 1
406642 1 1 1
406643 1 1 1
406647 1 1 1
406650 1 1 1
406652 1 1 1
406653 1 1 1
406654 1 1 1
406655 1 1 1
406656 1 1 1
406657 1 1 1
406661 1 1 1
406662 1 1 1
406663 1 1 1
406666 1 1 1
406667 1 1 1
406669 1 1 1
406673 1 1 1
406674 1 1 1
406675 1 1 1
406677 1 1 1
406679 1 1 1
406680 1 1 1
406681 1 1 1
406682 1 1 1
406683 1 1 1
406687 1 1 1
406690 1 1 1
406694 1 1 1
406697 1 1 1
406698 1 1 1
406699 1 1 1
406700 1 1 1
406702 1 1 1
406704 1 1 1
406706 1 1 1
406728 1 1 1
406732 1 1 1
406733 1 1 1
406739 1 1 1
406740 1 1 1
406742 1 1 1
406744 1 1 1
406746 1 1 1
406747 1 1 1
406748 1 1 1
406750 1 1 1
406757 1 1 1
406762 1 1 1
406766 1 1 1
406770 1 1 1
406774 1 1 1
406775 1 1 1
406776 1 1 1
406777 1 1 1
406785 1 1 1
406788 1 1 1
406789 1 1 1
406790 1 1 1
406793 1 1 1
406798 1 1 1
406800 1 1 1
406801 1 1 1
406802 1 1 1
406803 1 1 1
406804 1 1 1
406809 1 1 1
406812 1 1 1
406813 1 1 1
406814 1 1 1
406816 1 1 1
406818 1 1 1
406820 1 1 1
406825 1 1 1
406826 1 1 1
406830 1 1 1
406844 1 1 1
406846 1 1 1
406847 1 1 1
406848 1 1 1
406854 1 1 1
406856 1 1 1
406857 1 1 1
406858 1 1 1
406859 1 1 1
406860 1 1 1
406861 1 1 1
406863 1 1 1
406864 1 1 1
406865 1 1 1
406866 1 1 1
406867 1 1 1
406868 1 1 1
406869 1 1 1
406870 1 1 1
406871 1 1 1
406872 1 1 1
406873 1 1 1
406882 1 1 1
406883 1 1 1
406891 1 1 1
406894 1 1 1
406895 1 1 1
406897 1 1 1
406906 1 1 1
406910 1 1 1
406912 1 1 1
406914 1 1 1
406923 1 1 1
406925 1 1 1
406927 1 1 1
406941 1 1 1
406942 1 1 1
406943 1 1 1
406945 1 1 1
406946 1 1 1
406948 1 1 1
406950 1 1 1
406951 1 1 1
406953 1 1 1
406954 1 1 1
406956 1 1 1
406959 1 1 1
406960 1 1 1
406962 1 1 1
406966 1 1 1
406968 1 1 1
406985 1 1 1
406993 1 1 1
406999 1 1 1
407000 1 1 1
407002 1 1 1
407003 1 1 1
407004 1 1 1
407008 1 1 1
407011 1 1 1
407017 1 1 1
407020 1 1 1
407021 1 1 1
407022 1 1 1
407023 1 1 1
407024 1 1 1
407025 1 1 1
407027 1 1 1
407028 1 1 1
407032 1 1 1
407036 1 1 1
407037 1 1 1
407040 1 1 1
407044 1 1 1
407056 1 1 1
407061 1 1 1
407062 1 1 1
407063 1 1 1
407070 1 1 1
407072 1 1 1
407078 1 1 1
407079 1 1 1
407080 1 1 1
407081 1 1 1
407084 1 1 1
407090 1 1 1
407099 1 1 1
407104 1 1 1
407113 1 1 1
407114 1 1 1
407118 1 1 1
407129 1 1 1
407132 1 1 1
407140 1 1 1
407162 1 1 1
407164 1 1 1
407165 1 1 1
407166 1 1 1
407171 1 1 1
407173 1 1 1
407174 1 1 1
407176 1 1 1
407177 1 1 1
407179 1 1 1
407180 1 1 1
407181 1 1 1
407186 1 1 1
407188 1 1 1
407191 1 1 1
407198 1 1 1
407227 1 1 1
407228 1 1 1
407229 1 1 1
407230 1 1 1
407231 1 1 1
407233 1 1 1
407243 1 1 1
407245 1 1 1
407256 1 1 1
407257 1 1 1
407258 1 1 1
407264 1 1 1
407274 1 1 1
407277 1 1 1
407278 1 1 1
407284 1 1 1
407286 1 1 1
407289 1 1 1
407304 1 1 1
407306 1 1 1
407307 1 1 1
407308 1 1 1
407309 1 1 1
407312 1 1 1
407321 1 1 1
407345 1 1 1
407348 1 1 1
407351 1 1 1
407353 1 1 1
407366 1 1 1
407367 1 1 1
407373 1 1 1
407377 1 1 1
407383 1 1 1
407385 1 1 1
407391 1 1 1
407399 1 1 1
407400 1 1 1
407406 1 1 1
407407 1 1 1
407409 1 1 1
407410 1 1 1
407411 1 1 1
407412 1 1 1
407413 1 1 1
407414 1 1 1
407417 1 1 1
407418 1 1 1
407419 1 1 1
407420 1 1 1
407421 1 1 1
407428 1 1 1
407431 1 1 1
407432 1 1 1
407433 1 1 1
407437 1 1 1
407440 1 1 1
407441 1 1 1
407443 1 1 1
407444 1 1 1
407445 1 1 1
407449 1 1 1
407450 1 1 1
407451 1 1 1
407458 1 1 1
407461 1 1 1
407465 1 1 1
407469 1 1 1
407470 1 1 1
407477 1 1 1
407479 1 1 1
407480 1 1 1
407497 1 1 1
407501 1 1 1
407510 1 1 1
407511 1 1 1
407514 1 1 1
407515 1 1 1
407516 1 1 1
407517 1 1 1
407518 1 1 1
407522 1 1 1
407523 1 1 1
407525 1 1 1
407527 1 1 1
407528 1 1 1
407529 1 1 1
407530 1 1 1
407531 1 1 1
407533 1 1 1
407534 1 1 1
407535 1 1 1
407536 1 1 1
407541 1 1 1
407542 1 1 1
407551 1 1 1
407565 1 1 1
407566 1 1 1
407571 1 1 1
407577 1 1 1
407578 1 1 1
407579 1 1 1
407580 1 1 1
407602 1 1 1
407609 1 1 1
407616 1 1 1
407644 1 1 1
407650 1 1 1
407651 1 1 1
407652 1 1 1
407658 1 1 1
407665 1 1 1
407667 1 1 1
407673 1 1 1
407674 1 1 1
407675 1 1 1
407676 1 1 1
407677 1 1 1
407678 1 1 1
407679 1 1 1
407680 1 1 1
407681 1 1 1
407682 1 1 1
407690 1 1 1
407703 1 1 1
407704 1 1 1
407717 1 1 1
407718 1 1 1
407723 1 1 1
407734 1 1 1
407743 1 1 1
407744 1 1 1
407745 1 1 1
407753 1 1 1
407754 1 1 1
407755 1 1 1
407756 1 1 1
407790 1 1 1
407792 1 1 1
407793 1 1 1
407807 1 1 1
407817 1 1 1
407818 1 1 1
407822 1 1 1
407839 1 1 1
407840 1 1 1
407841 1 1 1
407842 1 1 1
407844 1 1 1
407852 1 1 1
407857 1 1 1
407876 1 1 1
407877 1 1 1
407878 1 1 1
407883 1 1 1
407884 1 1 1
407889 1 1 1
407891 1 1 1
407894 1 1 1
407895 1 1 1
407907 1 1 1
407908 1 1 1
407909 1 1 1
407916 1 1 1
407934 1 1 1
407935 1 1 1
407937 1 1 1
407938 1 1 1
407939 1 1 1
407942 1 1 1
407943 1 1 1
407944 1 1 1
407945 1 1 1
407946 1 1 1
