100001 1
100007 1
100013 1
100014 1
100017 1
100018 1
100019 1
100020 1
100027 1
100034 1
100039 1
100048 1
100052 1
100054 1
100056 1
100063 1
100064 1
100066 1
100069 1
100072 1
100073 1
100080 1
100081 1
100095 1
100098 0
100101 1
100105 1
100110 1
100118 1
100124 1
100128 1
100134 1
100135 1
100138 1
100139 1
100145 1
100147 1
100148 1
100150 1
100152 1
100153 1
100154 1
100157 1
100159 1
100160 1
100161 1
100162 1
100164 1
100168 1
100173 1
100180 1
100192 1
100202 1
100205 1
100206 1
100211 1
100219 1
100220 1
100221 1
100233 1
100236 0
100239 1
100242 1
100243 1
100257 0
100258 1
100268 1
100272 1
100275 1
100276 1
100279 1
100289 1
100290 1
100291 1
100292 1
100293 1
100296 1
100301 1
100303 1
100308 1
100311 1
100317 1
100318 1
100325 1
100326 1
100327 1
100329 1
100334 0
100337 1
100339 0
100340 1
100344 1
100345 1
100346 1
100351 1
100354 1
100355 1
100358 1
100360 1
100364 1
100373 1
100375 1
100385 1
100386 1
100388 1
100389 1
100391 1
100392 1
100394 1
100395 1
100398 1
100401 1
100410 1
100415 1
100417 1
100418 1
100419 1
100422 0
100423 1
100425 1
100427 1
100429 1
100439 1
100443 1
100451 1
100453 1
100456 1
100458 1
100459 0
100461 1
100468 1
100470 1
100471 1
100472 1
100474 1
100477 1
100478 1
100482 1
100483 1
100485 1
100491 1
100498 1
100499 1
100508 1
100520 1
100524 1
100525 1
100530 1
100533 1
100537 1
100538 1
100542 1
100543 1
100544 1
100545 1
100546 1
100550 0
100551 1
100552 1
100556 1
100557 1
100558 1
100559 1
100564 1
100566 1
100567 1
100571 1
100573 1
100579 1
100580 1
100581 1
100586 1
100588 1
100592 1
100598 1
100600 1
100603 1
100608 1
100610 1
100611 1
100613 1
100617 1
100618 1
100621 1
100625 1
100626 1
100629 1
100631 1
100635 1
100636 1
100637 1
100639 1
100641 1
100642 1
94650 1
94790 1
95309 0
95511 1
95556 1
95570 1
95574 1
95752 0
95798 1
95800 1
96037 1
96048 1
96155 1
96189 1
96225 1
96235 1
96331 1
96353 1
96354 0
96379 1
96459 0
96475 0
96484 1
96491 0
96497 1
96558 1
96572 1
96574 1
96593 1
96614 1
96628 1
96645 1
96657 1
96664 1
96674 1
96677 1
96797 1
96836 1
96848 1
96920 1
96951 1
97000 1
97020 1
97032 1
97084 1
97096 1
97113 1
97125 1
97162 1
97180 1
97215 1
97217 1
97230 1
97234 1
97235 1
97269 1
97290 0
97292 1
97319 1
97362 1
97384 1
97397 1
97423 1
97461 1
97462 1
97465 1
97479 1
97486 1
97490 1
97523 0
97545 1
97550 1
97560 1
97565 1
97667 1
97672 1
97690 1
97704 1
97710 1
97712 1
97713 1
97729 1
97732 1
97744 1
97746 1
97760 1
97769 0
97774 1
97775 1
97781 1
97795 0
97797 1
97799 1
97802 1
97803 1
97806 0
97816 1
97830 1
97833 0
97839 1
97849 1
97872 1
97877 1
97891 1
97893 0
97894 1
97917 0
97919 1
97923 0
97924 1
97927 0
97928 0
97934 1
97969 1
97975 1
98003 1
98014 1
98018 1
98019 1
98021 1
98022 0
98047 0
98048 0
98082 1
98085 1
98107 0
98112 0
98120 1
98127 0
98134 1
98169 1
98187 1
98199 0
98255 1
98256 0
98260 0
98267 1
98275 1
98282 0
98291 0
98319 1
98322 1
98346 1
98348 1
98351 1
98352 1
98353 1
98355 0
98358 0
98368 0
98376 1
98380 0
98385 0
98394 1
98396 1
98414 1
98427 1
98430 1
98450 1
98456 1
98461 1
98480 1
98492 1
98504 1
98512 1
98544 1
98553 1
98580 0
98599 0
98627 0
98630 1
98643 0
98658 1
98672 1
98715 0
98723 0
98724 1
98725 1
98734 0
98737 0
98744 1
98750 1
98752 1
98753 1
98754 1
98755 1
98756 1
98760 1
98769 1
98772 1
98778 0
98800 0
98801 1
98803 0
98805 0
98810 0
98812 1
98820 0
98822 1
98823 1
98824 0
98829 1
98832 1
98833 0
98842 1
98846 0
98849 0
98851 0
98855 1
98857 1
98860 0
98861 0
98872 0
98873 1
98874 0
98876 1
98880 1
98881 1
98885 0
98890 0
98894 1
98895 1
98896 1
98897 1
98898 1
98899 1
98901 0
98902 1
98904 0
98913 1
98914 0
98915 1
98916 1
98924 1
98925 1
98933 0
98935 0
98936 0
98937 1
98938 1
98945 0
98949 1
98957 1
98961 1
98964 1
98965 1
98966 1
98990 0
98998 1
99001 1
99004 1
99006 1
99013 1
99014 1
99015 1
99019 0
99020 0
99036 1
99039 0
99047 1
99048 1
99064 0
99065 1
99072 1
99074 1
99084 0
99086 0
99089 1
99090 0
99091 1
99093 1
99096 1
99098 1
99100 0
99101 1
99106 0
99107 1
99114 0
99115 1
99125 1
99133 1
99137 0
99147 1
99152 1
99153 1
99154 1
99155 1
99156 1
99167 1
99170 1
99171 0
99172 0
99173 1
99175 1
99180 0
99181 0
99183 1
99184 1
99185 1
99188 0
99197 1
99202 0
99203 1
99205 1
99206 1
99207 1
99212 0
99215 1
99219 1
99226 1
99233 1
99234 1
99235 1
99241 1
99243 1
99244 1
99245 1
99246 1
99256 1
99262 1
99264 0
99265 1
99274 0
99275 0
99276 0
99279 1
99281 1
99282 1
99289 1
99290 1
99291 1
99292 1
99294 1
99300 1
99303 1
99304 1
99311 0
99319 1
99320 1
99324 0
99325 0
99327 1
99328 1
99329 1
99330 1
99332 1
99334 1
99342 1
99343 1
99353 1
99356 0
99358 1
99361 1
99367 1
99373 0
99383 1
99385 1
99388 1
99391 1
99396 1
99398 1
99399 1
99400 1
99402 1
99404 0
99405 1
99408 1
99409 0
99413 1
99415 1
99416 1
99417 1
99418 1
99419 1
99420 1
99421 0
99424 1
99426 1
99427 1
99428 1
99430 1
99432 1
99436 1
99442 1
99443 1
99444 1
99452 1
99453 1
99454 1
99455 1
99456 1
99457 1
99458 0
99459 1
99460 1
99469 1
99471 1
99472 1
99484 0
99501 0
99505 1
99508 1
99512 1
99516 0
99527 1
99528 1
99530 1
99538 1
99539 0
99545 1
99546 1
99551 1
99552 1
99555 1
99556 0
99561 1
99563 1
99570 1
99572 1
99574 1
99579 1
99583 1
99585 1
99587 1
99588 0
99590 1
99592 1
99596 0
99602 0
99604 1
99606 1
99609 1
99610 1
99612 0
99615 1
99616 1
99617 1
99624 1
99636 0
99641 1
99642 1
99646 1
99647 0
99648 1
99658 1
99659 1
99660 1
99661 1
99665 0
99668 1
99669 1
99670 1
99673 1
99680 1
99681 0
99682 1
99690 1
99694 0
99695 1
99697 1
99700 1
99703 1
99704 1
99709 1
99712 1
99715 1
99726 0
99727 0
99734 1
99740 1
99743 1
99745 1
99753 1
99756 0
99758 1
99759 1
99760 1
99761 1
99762 1
99767 1
99769 1
99770 0
99771 1
99773 1
99775 1
99777 1
99778 1
99779 1
99782 1
99787 1
99792 1
99797 1
99802 1
99806 1
99807 1
99808 1
99810 1
99811 1
99814 1
99822 1
99823 1
99824 1
99825 1
99832 1
99838 1
99843 1
99853 1
99855 1
99864 1
99869 1
99875 1
99876 1
99883 0
99884 1
99885 1
99888 1
99890 1
99892 1
99894 1
99895 1
99896 1
99897 1
99898 1
99899 1
99901 1
99904 0
99911 1
99917 1
99924 1
99927 1
99929 1
99932 1
99935 1
99939 1
99940 1
99943 1
99946 1
99948 1
99949 1
99954 1
99955 1
99957 1
99966 1
99967 1
99970 1
99971 1
99973 1
99979 1
99986 1
99988 1
99998 1
