410667 1 1
410672 1 1
410679 1 1
410680 1 1
410684 1 1
410685 1 1
410686 1 1
410687 1 1
410688 1 1
410692 1 1
410693 1 1
410694 1 1
410698 1 1
410701 1 1
410702 1 1
410704 1 1
410705 1 1
410708 1 1
410713 1 1
410721 1 1
410723 1 1
410728 1 1
410738 1 1
410743 1 1
410744 1 1
410747 1 1
410748 1 1
410755 1 1
410758 1 1
410760 1 1
410763 1 1
410764 1 1
410770 1 1
410771 1 1
410772 1 1
410776 1 1
410777 1 1
410778 1 1
410779 1 1
410782 1 1
410783 1 1
410784 1 1
410787 1 1
410791 1 1
410792 1 1
410798 1 1
410813 1 1
410818 1 1
410819 1 1
410823 1 1
410830 1 1
410831 1 1
410833 1 1
410834 1 1
410836 1 1
410837 1 1
410840 1 1
410844 1 1
410845 1 1
410846 1 1
410848 1 1
410849 1 1
410853 1 1
410855 1 1
410856 1 1
410858 1 1
410860 1 1
410862 1 1
410864 1 1
410865 1 1
410866 1 1
410867 1 1
410868 1 1
410869 1 1
410870 1 1
410871 1 1
410872 1 1
410873 1 1
410874 1 1
410877 1 1
410878 1 1
410879 1 1
410884 1 1
410887 1 1
410888 1 1
410890 1 1
410892 1 1
410896 1 1
410901 1 1
410904 1 1
410906 1 1
410907 1 1
410909 1 1
410910 1 1
410912 1 1
410914 1 1
410915 1 1
410916 1 1
410918 1 1
410919 1 1
410920 1 1
410921 1 1
410922 1 1
410923 1 1
410924 1 1
410928 1 1
410929 1 1
410931 1 1
410941 1 1
410943 1 1
410955 1 1
410958 1 1
410960 1 1
410964 1 1
410965 1 1
410967 1 1
410969 1 1
410971 1 1
410980 1 1
410981 1 1
410983 1 1
410988 1 1
410990 1 1
410991 1 1
410993 1 1
410995 1 1
410997 1 1
410998 1 1
411000 1 1
411001 1 1
411003 1 1
411004 1 1
411005 1 1
411007 1 1
411009 1 1
411018 1 1
411021 1 1
411024 1 1
411025 1 1
411028 1 1
411030 1 1
411034 1 1
411035 1 1
411036 1 1
411037 1 1
411038 1 1
411039 1 1
411040 1 1
411041 1 1
411042 1 1
411044 1 1
411048 1 1
411049 1 1
411051 1 1
411052 1 1
411053 1 1
411054 1 1
411055 1 1
411056 1 1
411057 1 1
411059 1 1
411060 1 1
411062 1 1
411064 1 1
411068 1 1
411069 1 1
411070 1 1
411075 1 1
411076 1 1
411077 1 1
411078 1 1
411079 1 1
411081 1 1
411082 1 1
411084 1 1
411086 1 1
411088 1 1
411090 1 1
411091 1 1
411092 1 1
411093 1 1
411095 1 1
411096 1 1
411099 1 1
411100 1 1
411103 1 1
411105 1 1
411107 1 1
411108 1 1
411109 1 1
411110 1 1
411111 1 1
411112 1 1
411118 1 1
411127 1 1
411130 1 1
411134 1 1
411135 1 1
411144 1 1
411145 1 1
411146 1 1
411147 1 1
411150 1 1
411151 1 1
411152 1 1
411153 1 1
411154 1 1
411155 1 1
411156 1 1
411157 1 1
411158 1 1
411159 1 1
411160 1 1
411161 1 1
411162 1 1
411163 1 1
411164 1 1
411165 1 1
411166 1 1
411167 1 1
411168 1 1
411169 1 1
411170 1 1
411171 1 1
411174 1 1
411179 1 1
411181 1 1
411185 1 1
411187 1 1
411193 1 1
411194 1 1
411195 1 1
411197 1 1
411198 1 1
411200 1 1
411202 1 1
411206 1 1
411207 1 1
411208 1 1
411209 1 1
411210 1 1
411211 1 1
411212 1 1
411213 1 1
411214 1 1
411215 1 1
411217 1 1
411218 1 1
411220 1 1
411224 1 1
411225 1 1
411226 1 1
411227 1 1
411229 1 1
411230 1 1
411231 1 1
411232 1 1
411237 1 1
411241 1 1
411242 1 1
411245 1 1
411251 1 1
411252 1 1
411253 1 1
411254 1 1
411255 1 1
411256 1 1
411257 1 1
411258 1 1
411259 1 1
411260 1 1
411261 1 1
411262 1 1
411263 1 1
411264 1 1
411265 1 1
411266 1 1
411267 1 1
411269 1 1
411270 1 1
411271 1 1
411272 1 1
411273 1 1
411274 1 1
411275 1 1
411276 1 1
411277 1 1
411279 1 1
411280 1 1
411282 1 1
411283 1 1
411286 1 1
411287 1 1
411288 1 1
411289 1 1
411290 1 1
411293 1 1
411295 1 1
411296 1 1
411297 1 1
411299 1 1
411300 1 1
411301 1 1
411302 1 1
411303 1 1
411304 1 1
411306 1 1
411307 1 1
411309 1 1
411310 1 1
411311 1 1
411312 1 1
411315 1 1
411316 1 1
411317 1 1
411320 1 1
411321 1 1
411322 1 1
411323 1 1
411328 1 1
411329 1 1
411333 1 1
411335 1 1
411337 1 1
411338 1 1
411339 1 1
411341 1 1
411342 1 1
411343 1 1
411349 1 1
411350 1 1
411351 1 1
411354 1 1
411355 1 1
411356 1 1
411357 1 1
411359 1 1
411360 1 1
411366 1 1
411367 1 1
411368 1 1
411369 1 1
411374 1 1
411375 1 1
411376 1 1
411377 1 1
411378 1 1
411379 1 1
411381 1 1
411382 1 1
411384 1 1
411385 1 1
411389 1 1
411393 1 1
411395 1 1
411396 1 1
411398 1 1
411400 1 1
411403 1 1
411404 1 1
411405 1 1
411406 1 1
411408 1 1
411409 1 1
411411 1 1
411412 1 1
411413 1 1
411416 1 1
411417 1 1
411418 1 1
411419 1 1
411420 1 1
411421 1 1
411422 1 1
411423 1 1
411424 1 1
411425 1 1
411426 1 1
411427 1 1
411431 1 1
411437 1 1
411439 1 1
411441 1 1
411442 1 1
411446 1 1
411447 1 1
411448 1 1
411449 1 1
411450 1 1
411451 1 1
411452 1 1
411454 1 1
411470 1 1
411496 1 1
411497 1 1
411503 1 1
411504 1 1
411510 1 1
411511 1 1
411513 1 1
411515 1 1
411516 1 1
411517 1 1
411518 1 1
411519 1 1
411520 1 1
411521 1 1
411522 1 1
411523 1 1
411524 1 1
411527 1 1
411530 1 1
411531 1 1
411532 1 1
411533 1 1
411534 1 1
411535 1 1
411536 1 1
411537 1 1
411538 1 1
411539 1 1
411540 1 1
411541 1 1
411542 1 1
411543 1 1
411544 1 1
411545 1 1
411547 1 1
411549 1 1
411550 1 1
411551 1 1
411552 1 1
411553 1 1
411554 1 1
411556 1 1
411559 1 1
411561 1 1
411563 1 1
411564 1 1
411567 1 1
411568 1 1
411569 1 1
411571 1 1
411572 1 1
411573 1 1
411574 1 1
411576 1 1
411578 1 1
411579 1 1
411580 1 1
411581 1 1
411582 1 1
411583 1 1
411584 1 1
411586 1 1
411588 1 1
411589 1 1
411591 1 1
411593 1 1
411596 1 1
411599 1 1
411601 1 1
411602 1 1
411604 1 1
411611 1 1
411612 1 1
411613 1 1
411614 1 1
411616 1 1
411617 1 1
411618 1 1
411619 1 1
411620 1 1
411622 1 1
411626 1 1
411632 1 1
411634 1 1
411639 1 1
411640 1 1
411644 1 1
411648 1 1
411651 1 1
411652 1 1
411654 1 1
411655 1 1
411656 1 1
411657 1 1
411658 1 1
411659 1 1
411660 1 1
411661 1 1
411662 1 1
411663 1 1
411664 1 1
411666 1 1
411667 1 1
411668 1 1
411669 1 1
411689 1 1
411690 1 1
411691 1 1
411692 1 1
411693 1 1
411694 1 1
411695 1 1
411697 1 1
411698 1 1
411700 1 1
411702 1 1
411707 1 1
411712 1 1
411715 1 1
411716 1 1
411717 1 1
411718 1 1
411720 1 1
411721 1 1
411722 1 1
411723 1 1
411724 1 1
411731 1 1
411732 1 1
411733 1 1
411734 1 1
411739 1 1
411746 1 1
411749 1 1
411750 1 1
411751 1 1
411752 1 1
411753 1 1
411754 1 1
411755 1 1
411756 1 1
411757 1 1
411758 1 1
411760 1 1
411761 1 1
411762 1 1
411763 1 1
411764 1 1
411769 1 1
411770 1 1
411772 1 1
411773 1 1
411780 1 1
411783 1 1
411784 1 1
411785 1 1
411788 1 1
411790 1 1
411793 1 1
411794 1 1
411795 1 1
411796 1 1
411798 1 1
411799 1 1
411800 1 1
411801 1 1
411802 1 1
411803 1 1
411804 1 1
411805 1 1
411806 1 1
411807 1 1
411808 1 1
411809 1 1
411810 1 1
411811 1 1
411813 1 1
411814 1 1
411815 1 1
411816 1 1
411817 1 1
411818 1 1
411819 1 1
411820 1 1
411821 1 1
411822 1 1
411823 1 1
411824 1 1
411825 1 1
411826 1 1
411827 1 1
411828 1 1
411831 1 1
411834 1 1
411835 1 1
411836 1 1
411837 1 1
411838 1 1
411840 1 1
411845 1 1
411856 1 1
411871 1 1
411873 1 1
411874 1 1
411876 1 1
411881 1 1
411882 1 1
411883 1 1
411884 1 1
411887 1 1
411888 1 1
411889 1 1
411890 1 1
411891 1 1
411892 1 1
411895 1 1
411898 1 1
411911 1 1
411913 1 1
411914 1 1
411915 1 1
411916 1 1
411921 1 1
411922 1 1
411923 1 1
411925 1 1
411928 1 1
411929 1 1
411930 1 1
411933 1 1
411936 1 1
411937 1 1
411938 1 1
411939 1 1
411940 1 1
