94650
94790
95309
95511
95556
95570
95574
95752
95798
95800
96037
96048
96155
96189
96225
96235
96331
96353
96354
96379
96459
96475
96484
96491
96497
96558
96572
96574
96593
96614
96628
96645
96657
96664
96674
96677
96797
96836
96848
96920
96951
97000
97020
97032
97084
97096
97113
97125
97162
97180
97215
97217
97230
97234
97235
97269
97290
97292
97319
97362
97384
97397
97423
97461
97462
97465
97479
97486
97490
97523
97545
97550
97560
97565
97667
97672
97690
97704
97710
97712
97713
97729
97732
97744
97746
97760
97769
97774
97775
97781
97795
97797
97799
97802
97803
97806
97816
97830
97833
97839
97849
97872
97877
97891
97893
97894
97917
97919
97923
97924
97927
97928
97934
97969
97975
98003
98014
98018
98019
98021
98022
98047
98048
98082
98085
98107
98112
98120
98127
98134
98169
98187
98199
98255
98256
98260
98267
98275
98282
98291
98319
98322
98346
98348
98351
98352
98353
98355
98358
98368
98376
98380
98385
98394
98396
98414
98427
98430
98450
98456
98461
98480
98492
98504
98512
98544
98553
98580
98599
98627
98630
98643
98658
98672
98715
98723
98724
98725
98734
98737
98744
98750
98752
98753
98754
98755
98756
98760
98769
98772
98778
98800
98801
98803
98805
98810
98812
98820
98822
98823
98824
98829
98832
98833
98842
98846
98849
98851
98855
98857
98860
98861
98872
98873
98874
98876
98880
98881
98885
98890
98894
98895
98896
98897
98898
98899
98901
98902
98904
98913
98914
98915
98916
98924
98925
98933
98935
98936
98937
98938
98945
98949
98957
98961
98964
98965
98966
98990
98998
99001
99004
99006
99013
99014
99015
99019
99020
99036
99039
99047
99048
99064
99065
99072
99074
99084
99086
99089
99090
99091
99093
99096
99098
99100
99101
99106
99107
99114
99115
99125
99133
99137
99147
99152
99153
99154
99155
99156
99167
99170
99171
99172
99173
99175
99180
99181
99183
99184
99185
99188
99197
99202
99203
99205
99206
99207
99212
99215
99219
99226
99233
99234
99235
99241
99243
99244
99245
99246
99256
99262
99264
99265
99274
99275
99276
99279
99281
99282
99289
99290
99291
99292
99294
99300
99303
99304
99311
99319
99320
99324
99325
99327
99328
99329
99330
99332
99334
99342
99343
99353
99356
99358
99361
99367
99373
99383
99385
99388
99391
99396
99398
99399
99400
99402
99404
99405
99408
99409
99413
99415
99416
99417
99418
99419
99420
99421
99424
99426
99427
99428
99430
99432
99436
99442
99443
99444
99452
99453
99454
99455
99456
99457
99458
99459
99460
99469
99471
99472
99484
99501
99505
99508
99512
99516
99527
99528
99530
99538
99539
99545
99546
99551
99552
99555
99556
99561
99563
99570
99572
99574
99579
99583
99585
99587
99588
99590
99592
99596
99602
99604
99606
99609
99610
99612
99615
99616
99617
99624
99636
99641
99642
99646
99647
99648
99658
99659
99660
99661
99665
99668
99669
99670
99673
99680
99681
99682
99690
99694
99695
99697
99700
99703
99704
99709
99712
99715
99726
99727
99734
99740
99743
99745
99753
99756
99758
99759
99760
99761
99762
99767
99769
99770
99771
99773
99775
99777
99778
99779
99782
99787
99792
99797
99802
99806
99807
99808
99810
99811
99814
99822
99823
99824
99825
99832
99838
99843
99853
99855
99864
99869
99875
99876
99883
99884
99885
99888
99890
99892
99894
99895
99896
99897
99898
99899
99901
99904
99911
99917
99924
99927
99929
99932
99935
99939
99940
99943
99946
99948
99949
99954
99955
99957
99966
99967
99970
99971
99973
99979
99986
99988
99998
100001
100007
100013
100014
100017
100018
100019
100020
100027
100034
100039
100048
100052
100054
100056
100063
100064
100066
100069
100072
100073
100080
100081
100095
100098
100101
100105
100110
100118
100124
100128
100134
100135
100138
100139
100145
100147
100148
100150
100152
100153
100154
100157
100159
100160
100161
100162
100164
100168
100173
100180
100192
100202
100205
100206
100211
100219
100220
100221
100233
100236
100239
100242
100243
100257
100258
100268
100272
100275
100276
100279
100289
100290
100291
100292
100293
100296
100301
100303
100308
100311
100317
100318
100325
100326
100327
100329
100334
100337
100339
100340
100344
100345
100346
100351
100354
100355
100358
100360
100364
100373
100375
100385
100386
100388
100389
100391
100392
100394
100395
100398
100401
100410
100415
100417
100418
100419
100422
100423
100425
100427
100429
100439
100443
100451
100453
100456
100458
100459
100461
100468
100470
100471
100472
100474
100477
100478
100482
100483
100485
100491
100498
100499
100508
100520
100524
100525
100530
100533
100537
100538
100542
100543
100544
100545
100546
100550
100551
100552
100556
100557
100558
100559
100564
100566
100567
100571
100573
100579
100580
100581
100586
100588
100592
100598
100600
100603
100608
100610
100611
100613
100617
100618
100621
100625
100626
100629
100631
100635
100636
100637
100639
100641
100642
