406152 0
406156 0
406158 0
406162 0
406173 0
406175 0
406177 0
406181 0
406183 0
406185 0
406193 0
406197 0
406207 0
406209 0
406215 0
406217 0
406219 0
406221 0
406224 0
406225 0
406227 0
406228 0
406231 0
406234 0
406235 0
406237 0
406238 0
406242 0
406243 0
406244 0
406245 0
406246 0
406247 0
406248 0
406250 0
406252 0
406253 0
406254 0
406258 0
406260 0
406262 0
406264 0
406265 0
406267 0
406269 0
406270 0
406273 0
406277 0
406278 0
406279 0
406282 0
406285 0
406288 0
406289 0
406292 0
406293 0
406294 0
406297 0
406299 0
406301 0
406305 0
406307 0
406308 0
406309 0
406310 0
406312 0
406313 0
406314 0
406316 0
406317 0
406318 0
406320 0
406321 0
406323 0
406327 0
406328 0
406334 0
406346 0
406349 0
406351 0
406355 0
406359 0
406360 0
406362 0
406364 0
406365 0
406366 0
406368 0
406369 0
406370 0
406371 0
406372 0
406373 0
406377 0
406378 0
406380 0
406381 0
406383 0
406384 0
406387 0
406389 0
406391 0
406396 0
406397 0
406398 0
406399 0
406400 0
406402 0
406403 0
406404 0
406405 0
406407 0
406408 0
406410 0
406411 0
406416 0
406422 0
406429 0
406433 0
406434 0
406436 0
406438 0
406439 0
406440 0
406441 0
406442 0
406444 0
406449 0
406450 0
406453 0
406457 0
406460 0
406464 0
406465 0
406466 0
406467 0
406470 0
406472 0
406474 0
406476 0
406478 0
406483 0
406485 0
406499 0
406501 0
406509 0
406510 0
406511 0
406512 0
406517 0
406519 0
406524 0
406526 0
406527 0
406528 0
406530 0
406532 0
406534 0
406536 0
406542 0
406546 0
406547 0
406548 0
406550 0
406552 0
406554 0
406556 0
406560 0
406568 0
406571 0
406576 0
406578 0
406579 0
406580 0
406581 0
406594 0
406625 0
406627 0
406636 0
406638 0
406640 0
406642 0
406643 0
406647 0
406650 0
406652 0
406653 0
406654 0
406655 0
406656 0
406657 0
406661 0
406662 0
406663 0
406666 0
406667 0
406669 0
406673 0
406674 0
406675 0
406677 0
406679 0
406680 0
406681 0
406682 0
406683 0
406687 0
406690 0
406694 0
406697 0
406698 0
406699 0
406700 0
406702 0
406704 0
406706 0
406728 0
406732 0
406733 0
406739 0
406740 0
406742 0
406744 0
406746 0
406747 0
406748 0
406750 0
406757 0
406762 0
406766 0
406770 0
406774 0
406775 0
406776 0
406777 0
406785 0
406788 0
406789 0
406790 0
406793 0
406798 0
406800 0
406801 0
406802 0
406803 0
406804 0
406809 0
406812 0
406813 0
406814 0
406816 0
406818 0
406820 0
406825 0
406826 0
406830 0
406844 0
406846 0
406847 0
406848 0
406854 0
406856 0
406857 0
406858 0
406859 0
406860 0
406861 0
406863 0
406864 0
406865 0
406866 0
406867 0
406868 0
406869 0
406870 0
406871 0
406872 0
406873 0
406882 0
406883 0
406891 0
406894 0
406895 0
406897 0
406906 0
406910 0
406912 0
406914 0
406923 0
406925 0
406927 0
406941 0
406942 0
406943 0
406945 0
406946 0
406948 0
406950 0
406951 0
406953 0
406954 0
406956 0
406959 0
406960 0
406962 0
406966 0
406968 0
406985 0
406993 0
406999 0
407000 0
407002 0
407003 0
407004 0
407008 0
407011 0
407017 0
407020 0
407021 0
407022 0
407023 0
407024 0
407025 0
407027 0
407028 0
407032 0
407036 0
407037 0
407040 0
407044 0
407056 0
407061 0
407062 0
407063 0
407070 0
407072 0
407078 0
407079 0
407080 0
407081 0
407084 0
407090 0
407099 0
407104 0
407113 0
407114 0
407118 0
407129 0
407132 0
407140 0
407162 0
407164 0
407165 0
407166 0
407171 0
407173 0
407174 0
407176 0
407177 0
407179 0
407180 0
407181 0
407186 0
407188 0
407191 0
407198 0
407227 0
407228 0
407229 0
407230 0
407231 0
407233 0
407243 0
407245 0
407256 0
407257 0
407258 0
407264 0
407274 0
407277 0
407278 0
407284 0
407286 0
407289 0
407304 0
407306 0
407307 0
407308 0
407309 0
407312 0
407321 0
407345 0
407348 0
407351 0
407353 0
407366 0
407367 0
407373 0
407377 0
407383 0
407385 0
407391 0
407399 0
407400 0
407406 0
407407 0
407409 0
407410 0
407411 0
407412 0
407413 0
407414 0
407417 0
407418 0
407419 0
407420 0
407421 0
407428 0
407431 0
407432 0
407433 0
407437 0
407440 0
407441 0
407443 0
407444 0
407445 0
407449 0
407450 0
407451 0
407458 0
407461 0
407465 0
407469 0
407470 0
407477 0
407479 0
407480 0
407497 0
407501 0
407510 0
407511 0
407514 0
407515 0
407516 0
407517 0
407518 0
407522 0
407523 0
407525 0
407527 0
407528 0
407529 0
407530 0
407531 0
407533 0
407534 0
407535 0
407536 0
407541 0
407542 0
407551 0
407565 0
407566 0
407571 0
407577 0
407578 0
407579 0
407580 0
407602 0
407609 0
407616 0
407644 0
407650 0
407651 0
407652 0
407658 0
407665 0
407667 0
407673 0
407674 0
407675 0
407676 0
407677 0
407678 0
407679 0
407680 0
407681 0
407682 0
407690 0
407703 0
407704 0
407717 0
407718 0
407723 0
407734 0
407743 0
407744 0
407745 0
407753 0
407754 0
407755 0
407756 0
407790 0
407792 0
407793 0
407807 0
407817 0
407818 0
407822 0
407839 0
407840 0
407841 0
407842 0
407844 0
407852 0
407857 0
407876 0
407877 0
407878 0
407883 0
407884 0
407889 0
407891 0
407894 0
407895 0
407907 0
407908 0
407909 0
407916 0
407934 0
407935 0
407937 0
407938 0
407939 0
407942 0
407943 0
407944 0
407945 0
407946 0
