410667
410672
410679
410680
410684
410685
410686
410687
410688
410692
410693
410694
410698
410701
410702
410704
410705
410708
410713
410721
410723
410728
410738
410743
410744
410747
410748
410755
410758
410760
410763
410764
410770
410771
410772
410776
410777
410778
410779
410782
410783
410784
410787
410791
410792
410798
410813
410818
410819
410823
410830
410831
410833
410834
410836
410837
410840
410844
410845
410846
410848
410849
410853
410855
410856
410858
410860
410862
410864
410865
410866
410867
410868
410869
410870
410871
410872
410873
410874
410877
410878
410879
410884
410887
410888
410890
410892
410896
410901
410904
410906
410907
410909
410910
410912
410914
410915
410916
410918
410919
410920
410921
410922
410923
410924
410928
410929
410931
410941
410943
410955
410958
410960
410964
410965
410967
410969
410971
410980
410981
410983
410988
410990
410991
410993
410995
410997
410998
411000
411001
411003
411004
411005
411007
411009
411018
411021
411024
411025
411028
411030
411034
411035
411036
411037
411038
411039
411040
411041
411042
411044
411048
411049
411051
411052
411053
411054
411055
411056
411057
411059
411060
411062
411064
411068
411069
411070
411075
411076
411077
411078
411079
411081
411082
411084
411086
411088
411090
411091
411092
411093
411095
411096
411099
411100
411103
411105
411107
411108
411109
411110
411111
411112
411118
411127
411130
411134
411135
411144
411145
411146
411147
411150
411151
411152
411153
411154
411155
411156
411157
411158
411159
411160
411161
411162
411163
411164
411165
411166
411167
411168
411169
411170
411171
411174
411179
411181
411185
411187
411193
411194
411195
411197
411198
411200
411202
411206
411207
411208
411209
411210
411211
411212
411213
411214
411215
411217
411218
411220
411224
411225
411226
411227
411229
411230
411231
411232
411237
411241
411242
411245
411251
411252
411253
411254
411255
411256
411257
411258
411259
411260
411261
411262
411263
411264
411265
411266
411267
411269
411270
411271
411272
411273
411274
411275
411276
411277
411279
411280
411282
411283
411286
411287
411288
411289
411290
411293
411295
411296
411297
411299
411300
411301
411302
411303
411304
411306
411307
411309
411310
411311
411312
411315
411316
411317
411320
411321
411322
411323
411328
411329
411333
411335
411337
411338
411339
411341
411342
411343
411349
411350
411351
411354
411355
411356
411357
411359
411360
411366
411367
411368
411369
411374
411375
411376
411377
411378
411379
411381
411382
411384
411385
411389
411393
411395
411396
411398
411400
411403
411404
411405
411406
411408
411409
411411
411412
411413
411416
411417
411418
411419
411420
411421
411422
411423
411424
411425
411426
411427
411431
411437
411439
411441
411442
411446
411447
411448
411449
411450
411451
411452
411454
411470
411496
411497
411503
411504
411510
411511
411513
411515
411516
411517
411518
411519
411520
411521
411522
411523
411524
411527
411530
411531
411532
411533
411534
411535
411536
411537
411538
411539
411540
411541
411542
411543
411544
411545
411547
411549
411550
411551
411552
411553
411554
411556
411559
411561
411563
411564
411567
411568
411569
411571
411572
411573
411574
411576
411578
411579
411580
411581
411582
411583
411584
411586
411588
411589
411591
411593
411596
411599
411601
411602
411604
411611
411612
411613
411614
411616
411617
411618
411619
411620
411622
411626
411632
411634
411639
411640
411644
411648
411651
411652
411654
411655
411656
411657
411658
411659
411660
411661
411662
411663
411664
411666
411667
411668
411669
411689
411690
411691
411692
411693
411694
411695
411697
411698
411700
411702
411707
411712
411715
411716
411717
411718
411720
411721
411722
411723
411724
411731
411732
411733
411734
411739
411746
411749
411750
411751
411752
411753
411754
411755
411756
411757
411758
411760
411761
411762
411763
411764
411769
411770
411772
411773
411780
411783
411784
411785
411788
411790
411793
411794
411795
411796
411798
411799
411800
411801
411802
411803
411804
411805
411806
411807
411808
411809
411810
411811
411813
411814
411815
411816
411817
411818
411819
411820
411821
411822
411823
411824
411825
411826
411827
411828
411831
411834
411835
411836
411837
411838
411840
411845
411856
411871
411873
411874
411876
411881
411882
411883
411884
411887
411888
411889
411890
411891
411892
411895
411898
411911
411913
411914
411915
411916
411921
411922
411923
411925
411928
411929
411930
411933
411936
411937
411938
411939
411940
