406152
406156
406158
406162
406173
406175
406177
406181
406183
406185
406193
406197
406207
406209
406215
406217
406219
406221
406224
406225
406227
406228
406231
406234
406235
406237
406238
406242
406243
406244
406245
406246
406247
406248
406250
406252
406253
406254
406258
406260
406262
406264
406265
406267
406269
406270
406273
406277
406278
406279
406282
406285
406288
406289
406292
406293
406294
406297
406299
406301
406305
406307
406308
406309
406310
406312
406313
406314
406316
406317
406318
406320
406321
406323
406327
406328
406334
406346
406349
406351
406355
406359
406360
406362
406364
406365
406366
406368
406369
406370
406371
406372
406373
406377
406378
406380
406381
406383
406384
406387
406389
406391
406396
406397
406398
406399
406400
406402
406403
406404
406405
406407
406408
406410
406411
406416
406422
406429
406433
406434
406436
406438
406439
406440
406441
406442
406444
406449
406450
406453
406457
406460
406464
406465
406466
406467
406470
406472
406474
406476
406478
406483
406485
406499
406501
406509
406510
406511
406512
406517
406519
406524
406526
406527
406528
406530
406532
406534
406536
406542
406546
406547
406548
406550
406552
406554
406556
406560
406568
406571
406576
406578
406579
406580
406581
406594
406625
406627
406636
406638
406640
406642
406643
406647
406650
406652
406653
406654
406655
406656
406657
406661
406662
406663
406666
406667
406669
406673
406674
406675
406677
406679
406680
406681
406682
406683
406687
406690
406694
406697
406698
406699
406700
406702
406704
406706
406728
406732
406733
406739
406740
406742
406744
406746
406747
406748
406750
406757
406762
406766
406770
406774
406775
406776
406777
406785
406788
406789
406790
406793
406798
406800
406801
406802
406803
406804
406809
406812
406813
406814
406816
406818
406820
406825
406826
406830
406844
406846
406847
406848
406854
406856
406857
406858
406859
406860
406861
406863
406864
406865
406866
406867
406868
406869
406870
406871
406872
406873
406882
406883
406891
406894
406895
406897
406906
406910
406912
406914
406923
406925
406927
406941
406942
406943
406945
406946
406948
406950
406951
406953
406954
406956
406959
406960
406962
406966
406968
406985
406993
406999
407000
407002
407003
407004
407008
407011
407017
407020
407021
407022
407023
407024
407025
407027
407028
407032
407036
407037
407040
407044
407056
407061
407062
407063
407070
407072
407078
407079
407080
407081
407084
407090
407099
407104
407113
407114
407118
407129
407132
407140
407162
407164
407165
407166
407171
407173
407174
407176
407177
407179
407180
407181
407186
407188
407191
407198
407227
407228
407229
407230
407231
407233
407243
407245
407256
407257
407258
407264
407274
407277
407278
407284
407286
407289
407304
407306
407307
407308
407309
407312
407321
407345
407348
407351
407353
407366
407367
407373
407377
407383
407385
407391
407399
407400
407406
407407
407409
407410
407411
407412
407413
407414
407417
407418
407419
407420
407421
407428
407431
407432
407433
407437
407440
407441
407443
407444
407445
407449
407450
407451
407458
407461
407465
407469
407470
407477
407479
407480
407497
407501
407510
407511
407514
407515
407516
407517
407518
407522
407523
407525
407527
407528
407529
407530
407531
407533
407534
407535
407536
407541
407542
407551
407565
407566
407571
407577
407578
407579
407580
407602
407609
407616
407644
407650
407651
407652
407658
407665
407667
407673
407674
407675
407676
407677
407678
407679
407680
407681
407682
407690
407703
407704
407717
407718
407723
407734
407743
407744
407745
407753
407754
407755
407756
407790
407792
407793
407807
407817
407818
407822
407839
407840
407841
407842
407844
407852
407857
407876
407877
407878
407883
407884
407889
407891
407894
407895
407907
407908
407909
407916
407934
407935
407937
407938
407939
407942
407943
407944
407945
407946
