100642
100641
100639
100637
100636
100635
100631
100629
100626
100625
100621
100618
100617
100613
100611
100610
100608
100603
100600
100598
100592
100588
100586
100581
100580
100579
100573
100571
100567
100566
100564
100559
100558
100557
100556
100552
100551
100546
100545
100544
100543
100542
100538
100537
100533
100530
100525
100524
100520
100508
100499
100498
100491
100485
100483
100482
100478
100477
100474
100472
100471
100470
100468
100461
100458
100456
100453
100451
100443
100439
100429
100427
100425
100423
100419
100418
100417
100415
100410
100401
100398
100395
100394
100392
100391
100389
100388
100386
100385
100375
100373
100364
100360
100358
100355
100354
100351
100346
100345
100344
100340
100337
100329
100327
100326
100325
100318
100317
100311
100308
100303
100301
100296
100293
100292
100291
100290
100289
100279
100276
100275
100272
100268
100258
100243
100242
100239
100233
100221
100220
100219
100211
100206
100205
100202
100192
100180
100173
100168
100164
100162
100161
100160
100159
100157
100154
100153
100152
100150
100148
100147
100145
100139
100138
100135
100134
100128
100124
100118
100110
100105
100101
100095
100081
100080
100073
100072
100069
100066
100064
100063
100056
100054
100052
100048
100039
100034
100027
100020
100019
100018
100017
100014
100013
100007
100001
99998
99988
99986
99979
99973
99971
99970
99967
99966
99957
99955
99954
99949
99948
99946
99943
99940
99939
99935
99932
99929
99927
99924
99917
99911
99901
99899
99898
99897
99896
99895
99894
99892
99890
99888
99885
99884
99876
99875
99869
99864
99855
99853
99843
99838
99832
99825
99824
99823
99822
99814
99811
99810
99808
99807
99806
99802
99797
99792
99787
99782
99779
99778
99777
99775
99773
99771
99769
99767
99762
99761
99760
99759
99758
99753
99745
99743
99740
99734
99715
99712
99709
99704
99703
99700
99697
99695
99690
99682
99680
99673
99670
99669
99668
99661
99660
99659
99658
99648
99646
99642
99641
99624
99617
99616
99615
99610
99609
99606
99604
99592
99590
99587
99585
99583
99579
99574
99572
99570
99563
99561
99555
99552
99551
99546
99545
99538
99530
99528
99527
99512
99508
99505
99472
99471
99469
99460
99459
99457
99456
99455
99454
99453
99452
99444
99443
99442
99436
99432
99430
99428
99427
99426
99424
99420
99419
99418
99417
99416
99415
99413
99408
99405
99402
99400
99399
99398
99396
99391
99388
99385
99383
99367
99361
99358
99353
99343
99342
99334
99332
99330
99329
99328
99327
99320
99319
99304
99303
99300
99294
99292
99291
99290
99289
99282
99281
99279
99265
99262
99256
99246
99245
99244
99243
99241
99235
99234
99233
99226
99219
99215
99207
99206
99205
99203
99197
99185
99184
99183
99175
99173
99170
99167
99156
99155
99154
99153
99152
99147
99133
99125
99115
99107
99101
99098
99096
99093
99091
99089
99074
99072
99065
99048
99047
99036
99015
99014
99013
99006
99004
99001
98998
98966
98965
98964
98961
98957
98949
98938
98937
98925
98924
98916
98915
98913
98902
98899
98898
98897
98896
98895
98894
98881
98880
98876
98873
98857
98855
98842
98832
98829
98823
98822
98812
98801
98772
98769
98760
98756
98755
98754
98753
98752
98750
98744
98725
98724
98672
98658
98630
98553
98544
98512
98504
98492
98480
98461
98456
98450
98430
98427
98414
98396
98394
98376
98353
98352
98351
98348
98346
98322
98319
98275
98267
98255
98187
98169
98134
98120
98085
98082
98021
98019
98018
98014
98003
97975
97969
97934
97924
97919
97894
97891
97877
97872
97849
97839
97830
97816
97803
97802
97799
97797
97781
97775
97774
97760
97746
97744
97732
97729
97713
97712
97710
97704
97690
97672
97667
97565
97560
97550
97545
97490
97486
97479
97465
97462
97461
97423
97397
97384
97362
97319
97292
97269
97235
97234
97230
97217
97215
97180
97162
97125
97113
97096
97084
97032
97020
97000
96951
96920
96848
96836
96797
96677
96674
96664
96657
96645
96628
96614
96593
96574
96572
96558
96497
96484
96379
96353
96331
96235
96225
96189
96155
96048
96037
95800
95798
95574
95570
95556
95511
94790
94650
