532
94694
95409
95717
96089
96090
96177
96205
96320
96327
96388
96389
96419
96461
96655
96888
96953
96973
97172
97386
97424
97428
97514
97562
97585
97634
97647
97699
97721
97723
97737
97770
97798
97804
97805
97810
97821
97840
97904
97916
97981
97994
97995
98026
98030
98042
98044
98080
98086
98093
98095
98200
98218
98225
98268
98277
98295
98301
98317
98326
98329
98331
98344
98373
98393
98417
98418
98419
98421
98428
98448
98449
98452
98455
98467
98468
98485
98488
98499
98507
98509
98519
98520
98522
98546
98548
98559
98569
98582
98665
98687
98697
98700
98701
98703
98706
98712
98720
98722
98727
98738
98739
98740
98741
98742
98743
98747
98749
98757
98761
98762
98763
98764
98768
98773
98774
98775
98776
98779
98780
98781
98782
98783
98786
98797
98798
98802
98804
98806
98807
98808
98809
98811
98815
98826
98828
98831
98834
98838
98840
98841
98844
98847
98848
98850
98853
98854
98858
98859
98862
98864
98865
98866
98868
98869
98870
98871
98875
98884
98886
98887
98888
98891
98892
98900
98903
98905
98908
98918
98921
98923
98931
98948
98951
98952
98953
98954
98958
98959
98960
98967
98969
98972
98982
98991
98995
99009
99010
99018
99024
99025
99029
99030
99033
99040
99041
99042
99043
99044
99046
99051
99054
99055
99056
99058
99059
99060
99061
99066
99068
99070
99073
99080
99081
99085
99087
99088
99095
99102
99104
99105
99111
99116
99118
99122
99124
99127
99129
99138
99139
99140
99143
99144
99148
99149
99150
99158
99159
99161
99165
99166
99174
99177
99178
99182
99187
99190
99192
99193
99194
99196
99198
99199
99201
99204
99209
99210
99211
99213
99214
99216
99218
99220
99230
99231
99252
99253
99254
99255
99257
99258
99259
99269
99271
99273
99277
99278
99280
99287
99293
99296
99298
99301
99302
99310
99313
99315
99317
99322
99323
99331
99335
99339
99344
99350
99352
99359
99364
99366
99369
99370
99371
99372
99377
99379
99384
99392
99393
99394
99395
99406
99412
99414
99423
99433
99448
99451
99461
99465
99468
99473
99474
99475
99479
99488
99489
99495
99499
99503
99509
99513
99517
99520
99521
99522
99529
99531
99532
99534
99535
99537
99542
99544
99553
99554
99559
99565
99568
99569
99573
99577
99580
99582
99584
99586
99589
99593
99594
99595
99597
99599
99611
99613
99614
99618
99620
99622
99623
99626
99629
99630
99634
99635
99638
99639
99643
99645
99649
99651
99654
99655
99656
99657
99662
99663
99664
99666
99671
99672
99684
99685
99686
99687
99689
99691
99693
99698
99701
99705
99707
99713
99719
99720
99722
99724
99725
99728
99729
99730
99736
99737
99738
99739
99744
99748
99749
99757
99763
99768
99772
99774
99776
99781
99783
99784
99788
99794
99796
99799
99804
99809
99816
99820
99831
99833
99834
99835
99836
99841
99854
99857
99859
99860
99861
99867
99868
99870
99871
99873
99874
99877
99879
99886
99889
99891
99902
99905
99908
99909
99915
99916
99918
99922
99923
99925
99926
99928
99931
99934
99936
99942
99944
99945
99947
99950
99952
99956
99960
99961
99962
99963
99965
99968
99972
99975
99976
99977
99978
99981
99982
99984
99987
99989
99990
99992
99994
99995
99997
100011
100015
100016
100021
100029
100031
100032
100047
100051
100053
100055
100068
100071
100074
100075
100076
100077
100078
100079
100085
100087
100091
100093
100094
100097
100099
100100
100103
100106
100108
100109
100111
100112
100114
100115
